=== DHHF - monthly total return (%), annual compounded ===
Year     Jan    Feb    Mar    Apr    May    Jun    Jul    Aug    Sep    Oct    Nov    Dec   Annual
--------------------------------------------------------------------------------------------------
1995   -0.92   5.31   2.11   5.41   2.56   2.12   2.08  -0.84   1.79  -2.52   5.13   1.98    26.67
1996    3.53  -0.90  -1.49   2.89  -0.68   0.47  -3.12   1.67   3.20   1.19   2.62   1.52    11.19
1997    5.00  -0.22  -2.93   3.24   7.65   5.35   4.67  -4.79   7.02  -5.97   3.15   6.34    30.97
1998   -2.29   6.23   5.31   1.74  -0.05   0.87   1.39  -9.90   2.23   3.20   5.31   5.36    19.89
1999    0.55  -0.91   2.92   2.57  -3.27   3.45   0.45   0.33  -3.04   5.18   4.70   4.88    18.79
2000   -1.96   4.73   4.03  -1.61  -1.14   2.57  -0.22   4.15   0.74   0.75  -5.88  -2.49     3.15
2001    4.89  -3.16  -1.89   4.41   0.78  -0.62  -2.69  -5.70  -4.98   3.24   3.07   3.43     0.02
2002   -0.10  -2.11   1.14  -3.00  -3.08  -5.38  -4.89   0.26  -7.54   3.92   3.45  -3.72   -19.71
2003   -4.63  -5.35   1.35   4.83   1.53  -0.23   5.70   2.82  -2.96   2.74  -1.25   2.35     6.40
2004    0.31   1.56   1.08   1.76   1.91   3.94  -2.72   0.41   1.21   0.64   3.07   2.87    17.09
2005   -0.47   1.15  -0.19  -3.56   5.07   2.02   3.97   1.59   2.03  -1.58   4.70   2.74    18.52
2006    2.56   1.12   5.50  -1.03  -3.46   1.39  -2.26   2.82   2.84   1.78   1.45   2.51    15.95
2007    3.00  -1.43   0.58   1.96   3.92  -2.14  -2.85   4.34  -0.23   0.48  -0.91  -1.13     5.40
2008   -9.71  -4.06  -0.01   3.00   0.82  -9.85  -1.82   7.23  -5.63  -6.44  -6.69  -3.02   -31.79
2009   -2.34  -8.94   4.02   5.67   0.30  -0.21   5.87   3.79   2.22  -3.76   3.06   3.46    12.74
2010   -4.10   1.50   4.71  -1.34  -2.61  -3.95   2.41  -1.87   2.31   1.92   0.09   1.79     0.40
2011    2.10   1.58  -0.84  -1.18  -0.06  -3.03  -4.36  -3.57  -3.15   4.75   0.14  -1.72    -9.29
2012    3.34   2.52   4.16  -0.57  -3.50  -0.52   0.22   3.52   2.29   0.59   0.60   1.92    15.29
2013    4.53   3.31  -0.12   3.42   3.74   0.77   6.60   0.03   0.43   3.11   3.12   2.95    36.72
2014   -2.26   3.49  -1.98   0.90   1.59  -0.04   1.15   1.88   0.33   2.42   1.79   2.35    12.07
2015    3.67   5.65   0.71  -1.33   2.24  -3.68   5.30  -5.15  -2.45   5.17  -1.27  -0.82     7.56
2016   -3.83  -1.90   1.80   2.49   4.82  -2.65   3.58   0.37  -0.68  -1.61   4.27   4.23    10.89
2017   -1.64   1.81   2.22   2.68   0.39  -1.47  -0.98   0.93   2.10   4.27   2.79  -0.51    13.11
2018    1.24  -0.51  -1.46   2.97   0.82   2.37   2.10   3.61  -0.83  -5.84  -1.63  -2.74    -0.31
2019    4.38   5.66   0.99   3.72  -2.44   4.77   2.31  -0.79   1.92   0.03   4.19  -1.13    25.86
2020    4.09  -5.84 -12.97   5.40   3.99   0.15   1.10   2.71  -1.27   0.44   8.49   0.62     5.26
2021    0.14   1.85   3.57   3.05   1.89   3.53   2.09   2.83  -2.81   0.87   2.00   1.88    22.79
2022   -3.77  -2.77   1.74  -2.19  -1.52  -6.10   5.96  -1.01  -4.44   6.72   4.25  -4.88    -8.66
2023    4.59   0.00   1.97   2.34  -0.15   2.47   2.73   0.42  -3.63  -2.09   4.55   3.99    18.21
2024    2.50   4.20   2.97  -3.07   1.68   1.06   4.30  -0.66   1.22   1.79   4.41   0.32    22.49
2025    3.11  -1.35  -3.96   0.08   4.80   2.07   2.97   1.84   1.20   2.09  -0.86  -0.09    12.25
2026   -0.42   1.29  -4.27   3.65   3.24   1.00                                               4.35


=== BGBL - monthly total return (%), annual compounded ===
Year     Jan    Feb    Mar    Apr    May    Jun    Jul    Aug    Sep    Oct    Nov    Dec   Annual
--------------------------------------------------------------------------------------------------
1995    2.34   5.59   3.97   3.83   4.23   3.47   0.46  -1.72   2.84  -2.20   5.79   1.57    34.22
1996    2.44  -1.35  -0.93   2.02  -0.01   1.12  -3.30   0.08   4.49   0.41   3.20   1.18     9.50
1997    7.42  -1.35  -4.08   3.80   9.24   5.78   7.32  -3.82   7.07  -2.14   5.03   6.28    47.17
1998   -3.76   8.26   7.22   2.36   1.70   3.25   0.97  -9.87   0.36   2.93   5.41   8.20    28.74
1999   -0.47  -1.83   2.01   0.36  -1.54   3.60  -0.22   1.66  -3.62   8.00   3.65   4.88    17.12
2000   -2.24   6.42   6.73  -1.61  -0.92  -0.34   0.47   5.78   1.40   2.27  -9.46  -3.22     4.19
2001    4.14  -4.82   0.32   3.45   0.01  -2.99  -1.37  -8.50  -3.32   0.81   2.71   3.16    -6.99
2002   -1.59  -3.05   1.57  -4.10  -5.40  -5.62  -5.51  -0.63  -9.26   4.71   4.55  -5.25   -26.67
2003   -6.93  -5.34   0.65   4.92   1.99  -1.29   6.24   2.08  -4.40   1.93  -0.61   1.49    -0.17
2004    0.56   0.49   0.68   3.25   2.16   5.00  -4.88  -0.17  -0.42  -0.91   1.86   2.76    10.52
2005   -1.88   0.38   0.71  -3.53   5.79   0.53   4.17   1.40   0.10  -0.03   4.52   2.33    15.05
2006    1.13   1.70   6.12  -3.53  -2.35   1.31  -2.94   2.87   3.95  -0.15   0.49   1.79    10.43
2007    3.58  -2.96  -1.06   1.17   4.01  -3.77  -4.21   6.22  -4.10  -1.97   0.30  -0.40    -3.77
2008   -8.60  -6.56   2.22   1.88   0.45  -8.42  -0.05   9.74  -2.66  -2.01  -6.93  -2.69   -22.48
2009   -1.09 -11.02   0.52   5.06  -1.35  -0.89   4.64   2.72  -0.41  -4.82   3.70   4.15     0.01
2010   -2.73   1.34   3.85  -0.67  -0.22  -4.35   1.31  -2.91   1.35   2.24   0.83   1.81     1.52
2011    3.69   1.56  -2.23  -1.51   0.88  -2.31  -4.57  -4.31   0.43   1.80   2.54  -0.17    -4.48
2012    1.85   2.77   6.25  -1.56  -1.11  -0.49  -1.94   4.54   2.11  -0.72   0.67   2.33    15.34
2013    4.77   2.36   1.49   3.09   8.73   2.99   7.88  -1.79  -0.14   2.50   6.09   4.56    51.15
2014   -1.50   2.79  -3.47   0.41   1.83   0.69  -0.75   2.54   3.99   1.15   4.89   3.12    16.51
2015    3.53   5.16   1.29  -1.62   3.66  -2.61   6.66  -3.34  -2.20   5.83  -1.31  -2.66    12.28
2016   -2.84  -2.05  -0.28   2.02   6.29  -3.07   1.79   1.39  -1.42  -1.54   5.75   4.30    10.23
2017   -2.33   1.49   1.57   3.63   2.24  -2.34  -1.81   0.82   3.63   4.35   3.68  -1.95    13.39
2018    1.86  -0.88  -0.12   2.69   1.11   2.32   2.48   5.31  -0.31  -5.81  -1.52  -4.68     1.90
2019    4.70   5.76   1.05   4.59  -4.61   5.45   2.14   0.30   1.87   0.33   4.97  -0.89    28.22
2020    4.01  -5.11  -9.31   4.97   3.54  -1.14   0.84   3.23  -0.03  -0.74   7.92  -0.02     7.21
2021    0.03   2.20   4.65   3.14   1.51   4.27   3.35   3.02  -3.13   1.67   3.34   1.63    28.62
2022   -2.80  -5.18  -0.90  -3.15  -0.89  -5.02   6.91  -2.63  -3.46   8.20   2.39  -6.00   -12.85
2023    3.68   1.75   3.23   2.83   1.38   3.08   2.41   1.36  -4.23  -1.09   4.60   2.40    23.23
2024    3.56   6.18   2.97  -3.61   2.36   1.04   4.51  -1.11  -0.76   3.61   5.36   1.98    28.87
2025    2.56  -0.12  -4.57  -1.80   5.32   2.37   3.32   1.16   2.20   3.04   0.36  -0.84    13.37
2026   -1.91  -0.30  -2.55   4.54   4.82   0.73                                               5.20


=== GHHF - monthly total return (%), annual compounded ===
Year     Jan    Feb    Mar    Apr    May    Jun    Jul    Aug    Sep    Oct    Nov    Dec   Annual
--------------------------------------------------------------------------------------------------
1995   -1.84   7.75   2.84   7.92   3.54   2.87   2.80  -1.67   2.37  -4.25   7.51   2.66    36.73
1996    5.05  -1.77  -2.69   4.05  -1.43   0.33  -5.20   2.21   4.57   1.49   3.69   2.01    12.40
1997    7.38  -0.66  -4.82   4.66  11.45   7.94   6.90  -7.64  10.54  -9.46   4.57   9.48    44.62
1998   -3.80   9.31   7.89   2.40  -0.35   1.05   1.86 -15.51   3.15   4.66   7.90   7.98    26.65
1999    0.57  -1.66   4.23   3.69  -5.30   5.04   0.42   0.24  -4.95   7.69   6.94   7.20    25.59
2000   -3.32   6.97   5.88  -2.80  -2.09   3.63  -0.67   6.04   0.79   0.82  -9.38  -4.16     0.39
2001    7.21  -5.17  -3.18   6.51   0.93  -1.22  -4.42  -9.04  -7.91   4.75   4.49   5.04    -3.79
2002   -0.39  -3.48   1.50  -4.87  -5.01  -8.55  -7.80   0.13 -11.87   5.76   5.04  -5.99   -31.48
2003   -7.38  -8.49   1.81   7.17   2.09  -0.61   8.51   4.07  -4.83   3.94  -2.21   3.32     5.92
2004    0.18   2.10   1.37   2.41   2.64   5.77  -4.48   0.33   1.56   0.69   4.44   4.12    22.85
2005   -1.01   1.47  -0.61  -5.78   7.49   2.80   5.80   2.14   2.83  -2.73   6.93   3.92    24.83
2006    3.64   1.42   8.15  -1.89  -5.63   1.83  -3.80   4.01   4.03   2.40   1.90   3.53    20.52
2007    4.27  -2.54   0.56   2.68   5.69  -3.64  -4.72   6.33  -0.72   0.38  -1.78  -2.12     3.74
2008  -15.30  -6.64  -0.42   4.21   0.87 -15.55  -3.19  10.74  -9.03 -10.23 -10.55  -4.89   -47.95
2009   -3.82 -13.95   5.99   8.53   0.27  -0.53   8.84   5.63   3.21  -6.01   4.48   5.09    16.28
2010   -6.55   2.07   7.00  -2.32  -4.29  -6.34   3.43  -3.14   3.29   2.69  -0.14   2.48    -2.83
2011    2.95   2.16  -1.56  -2.09  -0.37  -4.94  -6.98  -5.75  -5.11   7.05  -0.04  -2.89   -16.99
2012    4.90   3.63   6.16  -1.12  -5.60  -1.01   0.14   5.21   3.32   0.71   0.72   2.77    20.98
2013    6.79   4.92  -0.37   5.07   5.58   1.02   9.99  -0.12   0.50   4.62   4.64   4.37    57.79
2014   -3.65   5.20  -3.21   1.22   2.28  -0.24   1.60   2.73   0.34   3.55   2.58   3.45    16.58
2015    5.47   8.54   0.95  -2.20   3.30  -5.80   8.01  -8.06  -3.91   7.81  -2.11  -1.41     9.18
2016   -6.04  -3.08   2.61   3.68   7.27  -4.21   5.37   0.44  -1.18  -2.61   6.45   6.38    14.81
2017   -2.66   2.65   3.28   3.99   0.47  -2.40  -1.63   1.30   3.11   6.44   4.16  -0.92    18.80
2018    1.77  -0.91  -2.37   4.42   1.13   3.50   3.09   5.42  -1.41  -9.12  -2.65  -4.36    -2.44
2019    6.60   8.56   1.39   5.59  -3.87   7.23   3.45  -1.31   2.85  -0.04   6.36  -1.82    39.98
2020    6.20  -9.08 -20.03   8.26   6.09   0.18   1.64   4.12  -2.01   0.63  13.01   0.91     5.72
2021    0.17   2.79   5.44   4.64   2.85   5.38   3.16   4.30  -4.37   1.28   3.02   2.84    35.95
2022   -5.85  -4.32   2.63  -3.44  -2.43  -9.51   9.03  -1.71  -7.00  10.16   6.36  -7.70   -15.05
2023    6.87  -0.20   2.81   3.39  -0.45   3.57   3.96   0.41  -5.81  -3.45   6.75   5.90    25.44
2024    3.60   6.21   4.33  -4.96   2.34   1.39   6.37  -1.26   1.63   2.51   6.53   0.24    32.27
2025    4.55  -2.31  -6.32  -0.11   7.17   2.97   4.36   2.62   1.64   3.01  -1.53  -0.36    16.02
2026   -0.87   1.75  -6.81   5.38   4.74   1.29                                               5.08


=== GGBL - monthly total return (%), annual compounded ===
Year     Jan    Feb    Mar    Apr    May    Jun    Jul    Aug    Sep    Oct    Nov    Dec   Annual
--------------------------------------------------------------------------------------------------
1995    3.16   8.17   5.67   5.47   6.09   4.93   0.30  -3.05   3.97  -3.78   8.50   2.02    49.11
1996    3.36  -2.47  -1.83   2.71  -0.42   1.32  -5.49  -0.25   6.53   0.27   4.57   1.48     9.59
1997   11.09  -2.40  -6.61   5.51  13.89   8.59  10.96  -6.16  10.60  -3.58   7.46   9.37    72.39
1998   -6.08  12.42  10.82   3.35   2.33   4.70   1.20 -15.47   0.27   4.23   8.04  12.33    40.55
1999   -1.00  -3.09   2.82   0.28  -2.65   5.26  -0.62   2.27  -5.86  12.00   5.31   7.18    22.61
2000   -3.76   9.55  10.03  -2.81  -1.76  -0.86   0.38   8.54   1.80   3.14 -14.91  -5.30     1.23
2001    6.04  -7.73   0.19   5.02  -0.27  -4.89  -2.40 -13.36  -5.38   0.99   3.91   4.61   -14.22
2002   -2.70  -4.95   2.15  -6.58  -8.59  -8.93  -8.76  -1.26 -14.54   6.96   6.72  -8.35   -40.82
2003  -10.95  -8.50   0.72   7.29   2.78  -2.26   9.32   2.92  -7.05   2.68  -1.24   1.98    -4.33
2004    0.55   0.44   0.73   4.69   3.01   7.38  -7.82  -0.56  -0.95  -1.71   2.55   3.94    12.07
2005   -3.20   0.26   0.77  -5.75   8.60   0.50   6.10   1.83  -0.17  -0.36   6.64   3.26    19.05
2006    1.42   2.31   9.09  -5.75  -3.94   1.69  -4.86   4.07   5.73  -0.57   0.41   2.41    11.55
2007    5.16  -4.90  -1.99   1.44   5.82  -6.14  -6.82   9.20  -6.69  -3.41   0.08  -1.00   -10.28
2008  -13.62 -10.50   3.00   2.48   0.29 -13.37  -0.50  14.60  -4.49  -3.43 -10.95  -4.40   -36.51
2009   -1.91 -17.15   0.59   7.58  -2.28  -1.58   6.93   3.98  -0.84  -7.65   5.46   6.13    -3.61
2010   -4.45   1.81   5.66  -1.30  -0.62  -6.97   1.73  -4.75   1.79   3.16   0.99   2.49    -1.22
2011    5.40   2.11  -3.72  -2.61   1.07  -3.84  -7.31  -6.91   0.38   2.50   3.64  -0.53   -10.24
2012    2.58   4.01   9.35  -2.65  -1.93  -0.98  -3.20   6.76   3.02  -1.32   0.82   3.39    20.79
2013    7.14   3.44   2.09   4.55  13.24   4.41  11.94  -2.94  -0.39   3.67   9.19   6.83    83.04
2014   -2.49   4.11  -5.52   0.45   2.63   0.87  -1.33   3.72   5.96   1.58   7.34   4.61    23.37
2015    5.25   7.77   1.81  -2.65   5.48  -4.18  10.09  -5.29  -3.54   8.80  -2.18  -4.26    16.44
2016   -4.53  -3.31  -0.60   2.95   9.52  -4.88   2.61   2.00  -2.32  -2.51   8.70   6.47    13.52
2017   -3.72   2.16   2.28   5.44   3.31  -3.73  -2.92   1.13   5.45   6.56   5.51  -3.15    18.90
2018    2.71  -1.50  -0.34   3.98   1.55   3.41   3.67   8.02  -0.63  -9.09  -2.48  -7.35     0.62
2019    7.08   8.70   1.46   6.92  -7.22   8.26   3.17   0.36   2.77   0.40   7.55  -1.48    43.58
2020    6.07  -7.97 -14.41   7.58   5.37  -1.82   1.23   4.91  -0.11  -1.20  12.12  -0.09     9.17
2021   -0.03   3.31   7.09   4.77   2.26   6.50   5.09   4.59  -4.88   2.50   5.07   2.44    45.58
2022   -4.37  -8.04  -1.46  -4.93  -1.47  -7.85  10.48  -4.21  -5.51  12.42   3.47  -9.44   -21.21
2023    5.44   2.47   4.74   4.12   1.88   4.48   3.46   1.85  -6.76  -1.93   6.81   3.43    33.50
2024    5.23   9.25   4.31  -5.82   3.37   1.35   6.68  -1.97  -1.44   5.29   7.98   2.78    42.49
2025    3.67  -0.44  -7.27  -3.01   7.96   3.41   4.88   1.55   3.16   4.45   0.32  -1.52    17.52
2026   -3.17  -0.70  -4.17   6.73   7.15   0.86                                               6.28


=== Annual return (%) - assets x years ===
Year      DHHF     BGBL     GHHF     GGBL
-----------------------------------------
1995     26.67    34.22    36.73    49.11
1996     11.19     9.50    12.40     9.59
1997     30.97    47.17    44.62    72.39
1998     19.89    28.74    26.65    40.55
1999     18.79    17.12    25.59    22.61
2000      3.15     4.19     0.39     1.23
2001      0.02    -6.99    -3.79   -14.22
2002    -19.71   -26.67   -31.48   -40.82
2003      6.40    -0.17     5.92    -4.33
2004     17.09    10.52    22.85    12.07
2005     18.52    15.05    24.83    19.05
2006     15.95    10.43    20.52    11.55
2007      5.40    -3.77     3.74   -10.28
2008    -31.79   -22.48   -47.95   -36.51
2009     12.74     0.01    16.28    -3.61
2010      0.40     1.52    -2.83    -1.22
2011     -9.29    -4.48   -16.99   -10.24
2012     15.29    15.34    20.98    20.79
2013     36.72    51.15    57.79    83.04
2014     12.07    16.51    16.58    23.37
2015      7.56    12.28     9.18    16.44
2016     10.89    10.23    14.81    13.52
2017     13.11    13.39    18.80    18.90
2018     -0.31     1.90    -2.44     0.62
2019     25.86    28.22    39.98    43.58
2020      5.26     7.21     5.72     9.17
2021     22.79    28.62    35.95    45.58
2022     -8.66   -12.85   -15.05   -21.21
2023     18.21    23.23    25.44    33.50
2024     22.49    28.87    32.27    42.49
2025     12.25    13.37    16.02    17.52
2026      4.35     5.20     5.08     6.28

=== Calendar-year max drawdown (%) - assets x years ===
Year      DHHF     BGBL     GHHF     GGBL
-----------------------------------------
1995     -2.52    -2.20    -4.25    -3.78
1996     -3.33    -3.30    -6.75    -6.46
1997     -5.97    -5.37    -9.46    -8.86
1998     -9.90    -9.87   -15.51   -15.47
1999     -3.27    -3.62    -5.30    -5.86
2000     -8.23   -12.38   -13.15   -19.41
2001    -13.37   -16.39   -21.94   -26.31
2002    -22.43   -29.31   -34.39   -43.43
2003     -9.72   -11.91   -15.24   -18.51
2004     -2.72    -6.30    -4.48   -10.76
2005     -3.75    -4.31    -6.36    -7.82
2006     -5.31    -7.37    -9.30   -12.41
2007     -4.93    -8.04    -8.18   -14.73
2008    -31.79   -22.48   -47.95   -36.51
2009    -11.07   -11.98   -17.23   -18.73
2010     -7.72    -6.76   -12.44   -11.59
2011    -15.17   -13.34   -24.05   -21.36
2012     -4.56    -5.00    -7.60    -8.49
2013     -0.12    -1.93    -0.37    -3.32
2014     -2.26    -3.47    -3.65    -5.52
2015     -7.47    -5.46   -11.66    -8.64
2016     -5.66    -5.09    -8.93    -8.25
2017     -2.44    -4.10    -3.99    -6.55
2018    -10.66   -11.85   -16.58   -18.38
2019     -2.44    -4.61    -3.87    -7.22
2020    -18.06   -13.94   -27.29   -21.23
2021     -2.81    -3.13    -4.37    -4.88
2022    -13.89   -16.72   -21.43   -25.20
2023     -5.64    -5.28    -9.07    -8.56
2024     -3.07    -3.61    -4.96    -5.82
2025     -5.25    -6.39    -8.59   -10.46
2026     -4.27    -4.69    -6.81    -7.85
